624413
807095
816653
1125151
2467791
2803191
3108351
5162861
5911342
7212562
8717312
10228272
10673252
11018442
11277292
12378512
12447792
13058772
13967482
14219877
14275290
14620190
14677919
14740219
14755492
14997308
15091022
15220473
15527007
15577098
15635604
15676492
15936527
15981547
16191793
16439471
16573941
16645764
16877611
17045115
17137891
17220817
17475575
18027276
18580938
18639734
18725694
18918698
18956073
18994444
19003121
19426551
19671640
19923144
20449296
20457806
20562637
20663500
20793816
20998647
21347710
21442298
21683908
22650211
22794790
23114836
23127272
23689478
24742040
25104363
25341996
25996721
26117507
26238699
26585095
27472675
27922157
30261067
33330562
33645850
34010976
34036028
34580221
34713362
35961145
36155311
36451558
38820391
38982694
39601084
40059448
41463367
42712551
43193105
44670915
44783853
45798009
47575446
48497136
48797251
49590149
50687788
51452165
51632707
51973131
52368494
52965875
53065570
54459743
57016932
57100687
57824414
58309829
59189360
59889953
60659498
62477044
66395780
67331057
73359920
74518740
74594552
75014376
80374332
82652901
84249568
88803528
89090040
89587925
91195372
94219825
95853861
97670695
103637045
108701392
110775353
115497237
117142912
121820296
125988399
133861573
136373431
145227381
159916388
161223163
163570657
164081884
167155452
188001904
191055490
192912869
194616949
198975780
204074545
204870137
204881628
204914485
207495308
227148979
227755413
234526497
236711681
240896969
252751061
256801476
257500999
260907612
281217033
295325513
296520276
300114634
302423670
308483423
309141022
309783117
323994077
326359913
331912537
344855169
347504059
353838102
360054369
364477412
368621253
369105079
369735258
378355719
380749300
382267114
386507775
390973130
394953878
399315375
415859364
419641670
426159377
443129739
458659376
461577457
469734582
492106051
500093687
509145315
509592521
526864412
528922916
551373363
554957168
574032254
575818188
589103445
702278455
707549284
714758552
794535782
822421723
836272957
850858566
862067581
866836856
899836123
935395315
1154321220
1155522630
1157784678
1180302920
1206216140
1227698863
1333467482
1382360820
1431315708
1562518867
1604444052
1616927780
2160790669
2307427862
2330975353
2352215144
2358139032
2385625148
2395146296
2415428186
2454309187
2454431539
2555225340
2570178294
2655491005
2667470504
2679055230
2786252385
2801412487
2815078226
2815661158
2891228690
2891596566
2906710535
3001595722
3004202126
3032034724
3084079317
3094478072
3161395153
3161469722
3178489664
3278561448
3306615491
3306686908
3327037912
3410563277
3430196351
3841106895
4049573897
4105268233
4157536949
4720662882
4827137700
4876136205
715901816857358336
746079076683743236
749900314740920320
752712449321644032
755138241624416256
758054336135966720
760204078416658432
770583695652560896
776008355559182336
785547077287903233
817461289081409536
819219211356606464
819325068287340544
827477721383055362
827637158555033600
831554575534522368
853962281360781312
863059166902071296
864347902029709314
887406091457318912
892003141570486272
893487804532932608
898196334540402688
898250146797846528
900769687612424193
901501366664912896
909749955836940288
918402684306288640
922928836836130816
922983264347918336
923351044431626240
926324367054786562
928271151205195777
953665490936885248
958837765335957504
968524585741180928
968554694543949824
970716252179136514
973669516176691200
976124518065373184
976604963743842304
978513873891307520
985916593065476096
987461045114626049
1004508860365746176
1005103046387486721
1017032862753845248
1022919016107724801
1023959908687982593
1024429898507726849
1029368298138476544
1036034286720143360
1038082275689340928
1044284694387412992
1053221274988752896
1053795166199238656
1054384071516848130
1060790036508094469
1065324363233222656
1072746424285171712
1072948531298627584
1078756041259696128
1082383633955110914
1083347094893719553
1085647167052632065
1089670165300723712
1098225246455427072
1103770189873610753
1103775364743028736
1107692443900788737
1130898927417532416
1135518477282873345
1136351635960094721
1153378693500284931
1157389907360407554
1163913322556796928
1166443278834659328
1171719416389591041
1172591259774410752
1178481115637731330
1186323036431159296
1187308752275304448
1189245586979119104
1220797565865775105
1225490734653947904
1234600413565014017
1237493308823195648
1241844325773987841
1245382651034427393
1265334359990697985
1265979258964451328
1270711485443031040
1272464429041549312
1275464322169237504
1278427550369353733
1283786127195942912
1283786701526175744
1283787381775179776
1283788019934408705
1285744351658663936
1292949661980995584
1292961675273015299
1293889891605020672
1295473175145390083
1299405190609752067
1303162354654298113
1305106403867209729
1305127454617595904
1305144979191463938
1307379355484475392
1309322896582430725
1310487506236747778
1315474425681240069
1316995082193563648
1318100969989656577
1318315090496475136
1335163171707875329
1336332999625826310
1336340124301332483
1336371679216353280
1341054904216023040
1341207672872464387
1351826622379302914
1352366622405615619
1356679807350628354
1357470611719786497
1359484829415469063
1360273857538621445
1366389316872777731
1371729482281742347
1372177080901849092
1372652258500833283
1375123510960472066
1376900206852145154
1377095100426121217
1382420836569604101
1383122484044517376
1389619592130088976
1390056793078784001
1390416998127992832
1394601955326976002
1400190038806257666
1401795859151351809
1401796069051092992
1401796355396300803
1401796500661755907
1401796589404884993
1401797823553695744
1409939033388511233
1413857216763994112
1418300345948774409
1419854391964667906
1420832466340917249
1425273314323308550
1427493743691636737
1429898306843398151
1438963570650361861
1440445217153241089
1447498417421185036
1447933160856162317
1450173037282791427
1450564210245525505
1454011740388265985
1454173450642231296
1455058442771591168
1455275221728956417
1461007382801174530
1465398524963704835
1465772781136666626
1468024852716339200
1468058086195662849
1468145000336658432
1470345141667962884
1470700014523633667
