59
968571
2336931
6069272
8519092
11738422
14110325
14264030
15413165
15652782
15658610
16292391
16463789
17005439
17052818
17092438
17442839
17744848
18189992
19153759
19404066
19579947
20420396
20487917
20779232
20809709
20907792
22759534
22761152
27273638
27824112
28255028
32270227
32829389
32885006
34919908
38855977
40026527
42566089
44567706
44900235
47284656
52318566
59764857
59804598
63478892
67440509
68679085
72877724
75523397
76599988
87167709
89108994
91731256
92825147
94864169
97190019
100217202
103539258
112108907
112404226
113591502
114758167
121881387
128582927
136080017
136976487
142370847
154233165
156622793
157387378
162326533
167093141
168424208
178522264
181427567
185965954
190518698
192969516
196008777
204034292
208535723
210942925
217129165
220008093
223163737
227587180
239391808
241875443
254666599
260875782
263644336
267584697
267862771
270887500
277175466
284425400
288768326
317811524
342047618
344809285
346474174
353595730
369251742
373168561
394408183
407298191
413898659
417956264
431414278
432685388
449214073
468975674
479842366
481083070
497854406
539369855
540833548
561701404
586257505
605110610
632199618
633589936
637098323
752567226
784784041
813483984
814065553
851035154
858100116
920548255
949766054
961373832
967642958
974141894
981107755
1100478390
1162542582
1176269220
1192218656
1229267196
1343489227
1377773275
1495856509
1519573922
1641852848
1675881830
1861484280
2209145022
2249845933
2357792766
2418863731
2431675855
2519710586
2605714036
2668739210
2743894410
2808531531
2835703304
2859550085
2873602194
2895279489
2927223166
2932130534
2941149274
3019646249
3053064796
3167721930
3297977438
3349499266
3366244505
3991097595
4062843913
4241919773
4872198972
701747194727108608
708850697165524992
719873408553590784
720945106539388929
731039703059845120
760114672372555777
790120342836633600
799644829714157568
811280652884733952
823142445235965952
850205068733235200
851981768802652161
866938773640290304
885528312445009920
898507085956214784
916082930207752193
968252903755472896
976721107796578304
985917595667836928
989503824502099969
1004057478575861760
1004987248956321792
1013974585757143040
1023114272522391552
1029702472720437248
1034128489727881217
1036487802169389057
1067162688462106624
1072246352149528576
1098201586306822144
1132364684366176257
1148301623124361216
1162471045611188224
1166806595969474561
1177216485988679682
1208809078690123776
1245067581641416705
1274090521321930758
1355352831977377793
1355925400438890499
1369943788836298752
1374831183419166722
1393212821186519047
1450574100615684102
1455984308758396928
1457394809140830210
1458247940640690176
1493216201962577921
1531666679943483392
1547139440979677184
